WTref_5_PS.txt	9.15507	0	0	-2.13836	0	5.32138	-1.87071	0	0.167583	7.67442	0	0	0	0.000752869	0.522886	0	0	0	0	0	0	0
GLY_5_PS.txt	9.15507	0	0	-2.13836	0	5.32138	-1.87071	0	0.167583	7.67442	0	0	0	0.000752869	0.522886	0	0	0	0	0	0	0
ALA_5_PS.txt	8.95441	0	0	-2.25026	0	5.45203	-2.01713	0.000232659	0.188694	7.58009	0	0	0	0.000752869	0.522886	0	0	0	0	0	0	0
LEU_5_PS.txt	8.78539	0	0	-2.65852	0	5.85709	-2.61134	0.00244828	0.368703	7.80538	0	0	0	0.021637	0.522886	0	0	0	0	0	0	0
VAL_5_PS.txt	9.42326	0	0	-2.42997	0	5.71726	-2.2177	0	0.238176	8.11255	0	0	0	0.00293214	0.522886	0	0	0	0	0	0	0
ILE_5_PS.txt	8.99223	0	0	-2.66294	0	5.87712	-2.61413	0.00161761	0.370639	8.01665	0	0	0	0.00327203	0.522886	0	0	0	0	0	0	0
PRO_5_PS.txt	8.00037	0	0	-2.37398	0	5.51037	-2.17661	0.000650863	0.231172	6.808	0	0	0	0.000752869	0.522886	0	0	0	0	0	0	0
ARG_5_PS.txt	8.11264	-0.809732	-0.809732	-2.89626	0.0185638	6.1153	-2.72763	0.000935973	1.29845	7.84333	0	0	0	0.0794081	0.53188	0	0	0	0	0	0	0
THR_5_PS.txt	9.08185	-0.355278	-0.355278	-2.33456	0	5.52199	-2.10183	-1.11022e-16	0.568518	8.08167	0	0	0	0.0566172	0.522886	0	0	0	0	0	0	0
SER_5_PS.txt	8.63742	-0.452876	-0.452876	-2.34875	0	5.61948	-2.04021	-2.22045e-16	0.682831	7.57434	0	0	0	0.0554765	0.522886	0	0	0	0	0	0	0
CYS_5_PS.txt	8.89167	-0.173118	-0.173118	-2.40736	0	5.48389	-2.20781	0	0.451745	7.90694	0	0	0	0.0105017	0.522886	0	0	0	0	0	0	0
MET_5_PS.txt	8.68405	0	0	-2.82734	0	5.9349	-2.90425	0.00610733	0.481696	7.94395	0	0	0	0.0489808	0.524241	0	0	0	0	0	0	0
LYS_5_PS.txt	8.61896	-0.875467	-0.875467	-2.70398	0.00633754	6.44297	-2.48812	5.09308e-05	1.24995	7.86194	0	0	0	0.000752869	0.522886	0	0	0	0	0	0	0
GLU_5_PS.txt	8.17294	-0.797686	-0.797686	-2.5845	-0.0296597	5.81942	-2.45177	0.000624967	1.14259	7.78356	0	0	0	0.0880514	0.522886	0	0	0	0	0	0	0
GLN_5_PS.txt	8.34704	-0.6315	-0.6315	-2.62919	0	5.80758	-2.44647	0.0010636	1.00331	7.87185	0	0	0	0.00189513	0.522886	0	0	0	0	0	0	0
ASP_5_PS.txt	8.95959	0	0	-2.321	-0.0317733	5.5293	-2.1126	0.000935973	0.247086	7.64688	0	0	0	0.000752869	0.522886	0	0	0	0	0	0	0
ASN_5_PS.txt	9.24291	0	0	-2.34859	0	5.55842	-2.15237	0.000935973	0.241736	7.94183	0	0	0	0.000948484	0.522886	0	0	0	0	0	0	0
TRP_5_PS.txt	9.02449	0	0	-2.3267	0	5.41732	-2.19063	-3.33067e-16	0.280946	7.8428	0	0	0	0.000752869	0.522886	0	0	0	0	0	0	0
TYR_5_PS.txt	9.06027	0	0	-2.33221	0	5.46091	-2.16413	0.00244828	0.270816	7.82168	0	0	0	0.000752869	0.522886	0	0	0	0	0	0	0
PHE_5_PS.txt	9.02622	0	0	-2.35658	0	5.47234	-2.2078	-1.38778e-16	0.286404	7.8311	0	0	0	0.000752869	0.522886	0	0	0	0	0	0	0
HIS_5_PS.txt	8.66727	-0.6315	-0.6315	-2.53955	-1.17961e-17	5.8796	-2.24518	0.00806946	0.916358	7.86143	0	0	0	0.000752869	0.522886	0	0	0	0	0	0.0487825	0
